11
34
80
54
56
15
44
20
22
17
16
12
84
40
26
16
20
11
19
13
19
21
16
21
7
6
7
20
6
11
13
25
13
14
14
18
10
6
9
12
10
15
28
19
139
8
17
25
26
14
17
10
18
12
8
8
8
9
25
37
8
9
13
29
13
12
14
24
9
14
11
25
18
21
21
19
8
17
7
5
2
3
9
10
54
15
54
22
6
12
29
13
6
25
4
20
7
19
34
11
10
18
25
22
11
21
15
13
21
19
11
25
11
22
35
20
15
53
58
35
10
19
19
26
15
59
5
10
5
18
35
13
29
18
8
15
9
52
13
13
7
13
45
5
4
23
5
7
19
20
14
15
11
12
10
13
10
13
9
13
15
14
15
15
11
10
17
14
17
15
14
14
60
12
6
8
13
25
15
14
11
11
12
6
13
16
7
28
8
20
32
35
14
23
11
28
9
17
23
23
18
22
24
21
34
21
16
31
8
16
11
11
10
24
14
12
14
11
22
20
11
10
3
3
18
15
32
11
13
9
8
16
12
19
11
5
7
9
13
10
7
9
1
1
11
23
8
6
6
8
5
2
6
12
6
10
12
11
6
7
1
6
4
5
4
5
4
5
9
12
4
11
5
10
4
14
16
12
8
4
3
2
7
9
17
1
1
1
1
1
1
1
1
1
1
1
1
