9
10
39
21
21
7
17
6
12
9
7
5
39
14
9
12
17
5
15
7
10
8
1
2
2
1
5
15
2
5
10
17
8
1
9
2
3
1
6
0
5
9
18
4
0
3
3
7
6
1
11
1
11
11
8
3
5
9
18
24
3
6
12
24
2
7
11
18
5
12
10
18
7
4
3
6
6
7
1
1
1
1
7
8
18
4
18
15
1
4
22
11
5
18
1
14
3
4
15
6
7
12
13
11
4
13
8
6
10
13
7
18
4
10
10
11
12
27
27
15
6
16
8
15
7
34
2
8
2
12
17
5
14
13
8
9
8
30
7
9
4
4
29
5
2
11
3
4
11
18
13
3
4
6
3
4
3
4
4
3
5
5
6
5
5
5
5
4
8
9
8
8
34
1
1
3
5
12
5
6
4
5
3
2
9
8
1
12
5
3
0
24
9
13
6
20
5
3
15
12
3
16
12
16
26
13
13
25
7
11
5
6
4
13
7
8
10
7
13
4
7
2
2
2
15
11
25
1
11
7
8
1
8
4
1
3
5
7
6
9
6
8
1
1
7
19
5
5
5
1
4
2
1
8
3
6
7
8
5
7
1
6
2
3
2
3
2
3
1
1
3
1
4
1
3
4
4
4
8
3
3
2
6
7
17
1
1
1
1
1
1
1
1
1
1
1
1
